746 3
1076
2311 7
3465
9273 26
10282
13623 37
13637
13938 38
13963
14264 39
15677
15980 40
15995
19346 51
19364
19661 52
19686
19983 53
22361
22660 54
22679
26035 65
26074
26371 66
27518
27817 67
27865
31253 78
31313
31912 80
31950
32251 81
32603
32904 82
33331
33634 83
33681
36437 92
36767
37370 94
38524
40647 101
40672
40969 102
41225
41524 103
41558
44925 114
45256
45867 116
46275
48414 123
48441
48742 116
49408 124
49664
49967 125
50003
54589 140
55533
58927 151
59004
59609 153
62261
62561 154
62650
66729 167
66772
