746 3
1427
2662 7
3811
9619 26
10628
13969 37
13983
14284 38
14309
14610 39
16023
16326 40
16341
19692 51
19710
20007 52
20032
20329 53
22707
23006 54
23025
26381 65
26420
26717 66
27874
28173 67
28221
31609 78
31669
32268 80
32306
32607 81
32959
33260 82
33687
33990 83
34037
36793 92
37123
37726 94
38129
40252 101
40277
40574 102
40830
41129 94
41795 103
41829
45196 114
45527
46138 116
46541
48680 123
48707
49008 116
49674 124
49930
50233 125
50269
54855 140
55799
59193 151
59270
59875 153
62527
62827 154
62916
66995 167
67038
