777 3
1458
2693 7
3863
9671 26
10680
14021 37
14035
14336 38
14361
14662 39
15992
16295 40
16310
19661 51
19679
19976 52
20001
20298 53
22676
22975 54
22994
26350 65
26389
26686 66
27914
28213 67
28261
31649 78
31709
32308 80
32346
32647 81
32999
33300 82
33727
34030 83
34077
36833 92
37163
37766 94
38190
40313 101
40338
40635 102
40891 94
41557
41856 103
41890
45257 114
45588
46199 116
46623
48762 123
48789
49090 116
49756 124
50012
50315 125
50351
54937 140
55881
59275 151
59352
59957 153
62609
62909 154
62998
67077 167
67120
