746 3
1427
2662 7
3811
9619 26
10628
13969 37
13983
14284 38
14309
14610 39
15940
16243 40
16258
19609 51
19627
19924 52
19949
20246 53
22624
22923 54
22942
26298 65
26337
26634 66
27786
28085 67
28133
31521 78
31581
32180 80
32218
32519 81
32871
33172 82
33599
33902 83
33949
36705 92
37035
37638 94
38041
40164 101
40189
40486 102
40742
41041 103
41075
41375 94
42041
45108 114
45439
46050 116
46935
49074 123
49101
49402 124
49658
49961 125
49997 116
50181
54767 140
55711
59105 151
59182
59787 153
64897
65197 154
65286
69365 167
69408
