777 3
1458
2693 7
3863
9671 26
10678
14019 37
14033
14334 38
14359
14660 39
16073
16376 40
16391
19742 51
19760
20057 52
20082
20379 53
22757
23056 54
23075
26431 65
26470
26767 66
28000
28299 67
28347
31735 78
31795
32394 80
32432
32733 81
33085
33386 82
33813
34116 83
34163
36919 92
37249
37852 94
38276
40399 101
40424
40721 94
41387 102
41643
41942 103
41976
45343 114
45674
46285 116
46709
48848 123
48875
49176 116
49842 124
50098
50401 125
50437
55023 140
55967
59361 151
59438
60043 153
62185
62485 154
62574
66653 167
66696
