746 3
1427
2662 7
3811
9619 26
10626
13967 37
13981
14282 38
14307
14608 39
15840
16143 40
16158
19509 51
19527
19824 52
19849
20146 53
22191
22490 54
22509
25865 65
25904
26201 66
27085
27384 67
27432
30820 78
30880
31479 80
31517
31818 81
32170
32471 82
32912
33215 83
33262
36018 92
36348
36951 94
37354
39477 101
39502 94
40168
40465 102
40721
41020 103
41054
44421 114
44752
45363 116
45766
47905 123
47932
48233 116
48899 124
49155
49458 125
49494
54080 140
55024
58418 151
58495
59100 153
61242
61542 154
61631
