746 3
1427
2662 7
3716
9524 26
10531
13872 37
13886
14187 38
14212
14513 39
15926
16229 40
16244
19595 51
19613
19910 52
19935
20232 53
22609
22908 54
22927
26283 65
26322
26619 66
27771
28070 67
28118
31506 78
31566
32165 80
32203
32504 81
32856
33157 82
33584
33887 83
33934
36690 92
37020
37623 94
37931
40054 101
40079
40376 102
40632
40931 103
40965
41265 94
41931
44998 114
45329
45940 116
46248
48387 123
48414
48715 124
48971 116
49637
49940 125
49976
54562 140
55506
58900 151
58977
59582 153
61724
62024 154
62113
66192 167
66235
