856 3
1537
2772 7
3942
9750 26
10759
14100 37
14114
14415 38
14440
14741 39
16154
16457 40
16472
19823 51
19841
20138 52
20163
20460 53
22838
23137 54
23156
26512 65
26551
26848 66
28076
28375 67
28423
31811 78
31871
32470 80
32508
32809 81
33161
33462 82
33889
34192 83
34239
36995 92
37325
37928 94
38352
40475 101
40500
40797 102
41053 94
41719
42018 103
42052
45419 114
45750
46361 116
46785
48924 123
48951
49252 124
49508 116
50174
50477 125
50513
55099 140
56043
59437 151
59514
60119 153
96995
97295 154
97384
101463 167
101506
