777 3
1458
2693 7
3863
9671 26
10680
14021 37
14035
14336 38
14361
14662 39
42736
43039 40
43054
46405 51
46423
46720 52
46745
47042 53
89968
90267 54
90286
93642 65
93681
93978 66
95201
95500 67
95548
98936 78
98996
99595 80
99633
99934 81
100286
100587 82
101014
101317 83
101364
104120 92
104450
105053 94
105477
107600 101
107625
107922 94
108588 102
108844
109143 103
109177
112544 114
112875
113486 116
113910
116049 123
116076
116377 116
117043 124
117299
117602 125
117638
122224 140
123178
126572 151
126655
127260 153
134064
134364 154
134453
138532 167
138575
