746 3
1427
2662 7
3716
9524 26
10531
13872 37
13886
14187 38
14212
14513 39
15843
16146 40
16161
19512 51
19530
19827 52
19852
20149 53
22526
22825 54
22844
26200 65
26239
26536 66
27599
27898 67
27946
31334 78
31394
31993 80
32031
32332 81
32684
32985 82
33412
33715 83
33762
36518 92
36848
37451 94
37759
39882 101
39907
40204 94
40870 102
41126
41425 103
41459
44826 114
45157
45768 116
46076
48215 123
48242
48543 116
49209 124
49465
49768 125
49804
54390 140
55334
58728 151
58805
59410 153
60421
60721 154
60810
64889 167
64932
