746 3
1427
2662 7
3716
9524 26
10533
13874 37
13888
14189 38
14214
14515 39
16740
17043 40
17058
20409 51
20427
20724 52
20749
21046 53
24319
24618 54
24637
27993 65
28032
28329 66
29557
29856 67
29904
33292 78
33352
33951 80
33989
34290 81
34642
34943 82
35370
35673 83
35720
38476 92
38806
39409 94
39717
41840 101
41865
42162 102
42418
42717 94
43383 103
43417
46784 114
47115
47726 116
48034
50173 123
50200
50501 124
50757
51060 125
51096 116
51762
56348 140
57302
60696 151
60779
61384 153
66903
67203 154
67292
71371 167
71414
