777 3
1107
2342 7
3512
9320 26
10329
13670 37
13684
13985 38
14010
14311 39
15724
16027 40
16042
19393 51
19411
19708 52
19733
20030 53
22408
22707 54
22726
26082 65
26121
26418 66
27646
27945 67
27993
31381 78
31441
32040 80
32078
32379 81
32731
33032 82
33459
33762 83
33809
36565 92
36895
37498 94
37922
40045 101
40070
40367 94
41033 102
41289
41588 103
41622
44989 114
45320
45931 116
46355
48494 123
48521
48822 116
49488 124
49744
50047 125
50083
54669 140
55613
59007 151
59084
59688 153
59777
63856 166
63899
