746 3
1427
2662 7
3811
9619 26
10626
13967 37
13981
14282 38
14307
14608 39
16021
16324 40
16339
19690 51
19708
20005 52
20030
20327 53
22704
23003 54
23022
26378 65
26417
26714 66
27866
28165 67
28213
31601 78
31661
32260 80
32298
32599 81
32951
33252 82
33679
33982 83
34029
36785 92
37115
37718 94
38121
40244 101
40269
40566 102
40822 94
41488
41787 103
41821
45188 114
45519
46130 116
46533
48672 123
48699
49000 116
49666 124
49922
50225 125
50261
54847 140
55791
59185 151
59262
59867 153
61431
61731 154
61820
65899 167
65942
