746 3
1427
2662 7
3716
9524 26
10533
13874 37
13888
14189 38
14214
14515 39
16560
16863 40
16878
20229 51
20247
20544 52
20569
20866 53
23959
24258 54
24277
27633 65
27672
27969 66
29116
29415 67
29463
32851 78
32911
33510 80
33548
33849 81
34201
34502 82
34929
35232 83
35279
38035 92
38365
38968 94
39276
40494 94
41160
42065 101
42090
42387 102
42643
42942 103
42976
46343 114
46674
47285 116
47593
49732 123
49759
50060 124
50316
50619 125
50655
50955 116
51621
55907 140
56861
60255 151
60332
60937 153
66545
66845 154
66934
71013 167
71056
