746 3
1427
2662 7
3811
9619 26
10628
13969 37
13983
14284 38
14309
14610 39
15940
16243 40
16258
19609 51
19627
19924 52
19949
20246 53
22624
22923 54
22942
26298 65
26337
26634 66
27862
28161 67
28209
31597 78
31657
32256 80
32294
32595 81
32947
33248 82
33675
33978 83
34025
36781 92
37111
37714 94
38117
40240 101
40265
40562 102
40818
41117 94
41783 103
41817
45184 114
45515
46126 116
46529
48668 123
48695
48996 116
49662 124
49918
50221 125
50257
54843 140
55787
59181 151
59258
59862 153
59951
64030 166
64073
