746 3
1427
2662 7
3811
9619 26
10628
13969 37
13983
14284 38
14309
14610 39
16655
16958 40
16973
20324 51
20342
20639 52
20664
20961 53
24054
24353 54
24372
27728 65
27767
28064 66
29287
29586 67
29634
33022 78
33082
33681 80
33719
34020 81
34372
34673 82
35100
35403 83
35450
38206 92
38536
39139 94
39542
41665 101
41690
41987 102
42243
42542 103
42576
42876 94
43542
46609 114
46940
47551 116
47954
50093 123
50120
50421 124
50677 116
51343
51646 125
51682
56268 140
57222
60616 151
60699
61304 153
66912
67212 154
67301
71380 167
71423
