746 3
1076
2311 7
3465
9273 26
10280
13621 37
13635
13936 38
13961
14262 39
15592
15895 40
15910
19261 51
19279
19576 52
19601
19898 53
22275
22574 54
22593
25949 65
25988
26285 66
27437
27736 67
27784
31172 78
31232
31831 80
31869
32170 81
32522
32823 82
33250
33553 83
33600
36356 92
36686
37289 94
38443
40566 101
40591
40888 102
41144
41443 103
41477
44844 114
45175
45786 116
46194
48333 123
48360
48661 116
49327 124
49583
49886 125
49922
54508 140
55452
58846 151
58923
59528 153
60539
60839 154
60928
65007 167
65050
