746 3
1076
2311 7
3465
9273 26
10280
13621 37
13635
13936 38
13961
14262 39
15675
15978 40
15993
19344 51
19362
19659 52
19684
19981 53
22359
22658 54
22677
26033 65
26072
26369 66
27597
27896 67
27944
31332 78
31392
31991 80
32029
32330 81
32682
32983 82
33410
33713 83
33760
36516 92
36846
37449 94
38603
40726 101
40751
41048 102
41304
41603 103
41637
45004 114
45335
45946 116
46354
48493 123
48520
48821 116
49487 124
49743
50046 125
50082
54668 140
55612
59006 151
59083
59688 153
61830
62130 154
62219
66298 167
66341
