777 3
1458
2693 7
3863
9671 26
10680
14021 37
14035
14336 38
14361
14662 39
16075
16378 40
16393
19744 51
19762
20059 52
20084
20381 53
22759
23058 54
23077
26433 65
26472
26769 66
27916
28215 67
28263
31651 78
31711
32310 80
32348
32649 81
33001
33302 82
33729
34032 83
34079
36835 92
37165
37768 94
38674
40797 101
40822
41119 102
41375
41674 103
41708
42008 94
42192
45259 114
45590
46201 116
46625
48764 123
48791
49092 116
49758 124
50014
50317 125
50353
54939 140
55883
59277 151
59354
59959 153
62429
62729 154
62818
66897 167
66940
