746 3
1427
2662 7
3716
9524 26
10531
13872 37
13886
14187 38
14212
14513 39
15926
16229 40
16244
19595 51
19613
19910 52
19935
20232 53
22610
22909 54
22928
26284 65
26323
26620 66
27848
28147 67
28195
31583 78
31643
32242 80
32280
32581 81
32933
33234 82
33661
33964 83
34011
36767 92
37097
37700 94
38008
38917 94
39583
40797 101
40822
41119 102
41375
41674 103
41708
45075 114
45406
46017 116
46325
48464 123
48491
48792 116
49458 124
49714
50017 125
50053
54639 140
55583
58977 151
59054
59659 153
61801
62101 154
62190
66269 167
66312
