777 3
1458
2693 7
3863
9671 26
10680
14021 37
14035
14336 38
14361
14662 39
15992
16295 40
16310
19661 51
19679
19976 52
20001
20298 53
22676
22975 54
22994
26350 65
26389
26686 66
27838
28137 67
28185
31573 78
31633
32232 80
32270
32571 81
32923
33224 82
33651
33954 83
34001
36757 92
37087
37690 94
38860
40983 101
41008
41305 102
41561
41860 103
41894
45261 114
45592
46203 116
46627
48766 123
48793
49094 116
49760 124
50016
50319 125
50355
54941 140
55885
59279 151
59356
59960 153
60049
64128 166
64171
