777 3
1458
2693 7
3863
9671 26
10678
14019 37
14033
14334 38
14359
14660 39
16073
16376 40
16391
19742 51
19760
20057 52
20082
20379 53
22757
23056 54
23075
26431 65
26470
26767 66
27919
28218 67
28266
31654 78
31714
32313 80
32351
32652 81
33004
33305 82
33732
34035 83
34082
36838 92
37168
37771 94
38195
40318 101
40343
40640 94
41306 102
41562
41861 103
41895
45262 114
45593
46204 116
46628
48767 123
48794
49095 116
49761 124
50017
50320 125
50356
54942 140
55886
59280 151
59357
59962 153
62104
62404 154
62493
66572 167
66615
