746 3
1427
2662 7
3716
9524 26
10533
13874 37
13888
14189 38
14214
14515 39
15928
16231 40
16246
19597 51
19615
19912 52
19937
20234 53
22612
22911 54
22930
26286 65
26325
26622 66
27845
28144 67
28192
31580 78
31640
32239 80
32277
32578 81
32930
33231 82
33658
33961 83
34008
36764 92
37094
37697 94
38005
40128 101
40153
40450 102
40706 94
41372
41671 103
41705
45072 114
45403
46014 116
46322
48461 123
48488
48789 124
49045 116
49711
50014 125
50050
54636 140
55580
58974 151
59051
59656 153
59778
59847 3
59908
59953 153
62301
62601 154
62690
66769 167
66812
