746 3
1427
2662 7
3716
9524 26
10531
13872 37
13886
14187 38
14212
14513 39
15828
16131 40
16146
19497 51
19515
19812 52
19837
20134 53
22281
22580 54
22599
25955 65
25994
26291 66
27438
27737 67
27785
31173 78
31233
31832 80
31870
32171 81
32523
32824 82
33251
33554 83
33601
36357 92
36687
37290 94
38080
40203 101
40228
40525 102
40781 94
40965
41264 103
41298
44665 114
44996
45607 116
45915
47455 116
48121
48720 123
48747
49048 124
49304
49607 125
49643
54229 140
55173
58567 151
58644
59249 153
61391
61691 154
61780
