746 3
1076
2311 7
3465
9273 26
10282
13623 37
13637
13938 38
13963
14264 39
15677
15980 40
15995
19346 51
19364
19661 52
19686
19983 53
22361
22660 54
22679
26035 65
26074
26371 66
27510
27809 67
27857
31245 78
31305
31904 80
31942
32243 81
32595
32896 82
33323
33626 83
33673
36429 92
36759
37362 94
38516
40639 101
40664
40961 102
41217
41516 103
41550
44917 114
45248
45859 116
46267
48406 123
48433
48734 116
49400 124
49656
49959 125
49995
54581 140
55525
58919 151
58996
59601 153
62226
62526 154
62615
66694 167
66737
