777 3
1458
2693 7
3863
9671 26
10680
14021 37
14035
14336 38
14361
14662 39
15992
16295 40
16310
19661 51
19679
19976 52
20001
20298 53
22676
22975 54
22994
26350 65
26389
26686 66
27843
28142 67
28190
31578 78
31638
32237 80
32275
32576 81
32928
33229 82
33656
33959 83
34006
36762 92
37092
37695 94
38119
40242 101
40267
40564 102
40820 94
41486
41785 103
41819
45186 114
45517
46128 116
46552
47166 116
47832
49357 123
49384
49685 124
49941
50244 125
50280
54866 140
55810
59204 151
59281
59885 153
59974
64053 166
64096
