746 3
1427
2662 7
3716
9524 26
10533
13874 37
13888
14189 38
14214
14515 39
15928
16231 40
16246
19597 51
19615
19912 52
19937
20234 53
22612
22911 54
22930
26286 65
26325
26622 66
27850
28149 67
28197
31585 78
31645
32244 80
32282
32583 81
32935
33236 82
33663
33966 83
34013
36769 92
37099
37702 94
38010
40133 101
40158
40455 94
41121 102
41377
41676 103
41710
45077 114
45408
46019 116
46327
48466 123
48493
48794 124
49050
49353 116
50019 125
50055
54641 140
55585
58979 151
59056
59661 153
62313
62613 154
62702
66781 167
66824
