777 3
1107
2342 7
3512
9320 26
10329
13670 37
13684
13985 38
14010
14311 39
15724
16027 40
16042
19393 51
19411
19708 52
19733
20030 53
22407
22706 54
22725
26081 65
26120
26417 66
27556
27855 67
27903
31291 78
31351
31950 80
31988
32289 81
32641
32942 82
33369
33672 83
33719
36475 92
36805
37408 94
37832
39955 101
39980
40277 94
40943 102
41199
41498 103
41532
44899 114
45230
45841 116
46265
48404 123
48431
48732 116
49398 124
49654
49957 125
49993
54579 140
55523
58917 151
58994
59599 153
62069
62369 154
62458
66537 167
66580
