746 3
1076
2311 7
3465
9273 26
10282
13623 37
13637
13938 38
13963
14264 39
15594
15897 40
15912
19263 51
19281
19578 52
19603
19900 53
22278
22577 54
22596
25952 65
25991
26288 66
27516
27815 67
27863
31251 78
31311
31910 80
31948
32249 81
32601
32902 82
33329
33632 83
33679
36435 92
36765
37368 94
38522
40645 101
40670
40967 102
41223
41522 103
41556
44923 114
45254
45865 116
46273
48412 123
48439
48740 116
49406 124
49662
49965 125
50001
54587 140
55531
58925 151
59002
59607 153
64717
65017 154
65106
69185 167
69228
