746 3
1427
2662 7
3811
9619 26
10628
13969 37
13983
14284 38
14309
14610 39
16023
16326 40
16341
19692 51
19710
20007 52
20032
20329 53
22707
23006 54
23025
26381 65
26420
26717 66
27780
28079 67
28127
31515 78
31575
32174 80
32212
32513 81
32865
33166 82
33593
33896 83
33943
36699 92
37029
37632 94
38035
40158 101
40183
40480 94
41146 102
41402
41701 103
41735
45102 114
45433
46044 116
46447
48586 123
48613
48914 124
49170
49473 116
50139 125
50175
54761 140
55705
59099 151
59176
59781 153
62251
62551 154
62640
66719 167
66762
