777 3
1458
2693 7
3863
9671 26
10680
14021 37
14035
14336 38
14361
14662 39
15992
16295 40
16310
19661 51
19679
19976 52
20001
20298 53
22675
22974 54
22993
26349 65
26388
26685 66
27837
28136 67
28184
31572 78
31632
32231 80
32269
32570 81
32922
33223 82
33650
33953 83
34000
36756 92
37086
37689 94
38113
40236 101
40261
40558 102
40814
41113 103
41147
41447 94
42113
45180 114
45511
46122 116
47028
49167 123
49194
49495 116
49679 124
49935
50238 125
50274
54860 140
55804
59198 151
59275
59880 153
64990
65290 154
65379
69458 167
69501
