746 3
1427
2662 7
3716
9524 26
10533
13874 37
13888
14189 38
14214
14515 39
16560
16863 40
16878
20229 51
20247
20544 52
20569
20866 53
23959
24258 54
24277
27633 65
27672
27969 66
29032
29331 67
29379
32767 78
32827
33426 80
33464
33765 81
34117
34418 82
34845
35148 83
35195
37951 92
38281
38884 94
39192
41315 101
41340
41637 102
41893
42192 103
42226 94
42892
46259 114
46590
47201 116
47509
49648 123
49675
49976 116
50642 124
50898
51201 125
51237
55823 140
56777
60171 151
60254
60859 153
66467
66767 154
66856
70935 167
70978
