746 3
1427
2662 7
3811
9619 26
10628
13969 37
13983
14284 38
14309
14610 39
16655
16958 40
16973
20324 51
20342
20639 52
20664
20961 53
24054
24353 54
24372
27728 65
27767
28064 66
29216
29515 67
29563
32951 78
33011
33610 80
33648
33949 81
34301
34602 82
35029
35332 83
35379
38135 92
38465
39068 94
39471
41594 101
41619
41916 102
42172
42471 94
43137 103
43171
46538 114
46869
47480 116
47883
50022 123
50049
50350 124
50606 116
51272
51575 125
51611
56197 140
57151
60545 151
60628
61233 153
66841
67141 154
67230
71309 167
71352
