777 3
1458
2693 7
3863
9671 26
10680
14021 37
14035
14336 38
14361
14662 39
16707
17010 40
17025
20376 51
20394
20691 52
20716
21013 53
24106
24405 54
24424
27780 65
27819
28116 66
29339
29638 67
29686
33074 78
33134
33733 80
33771
34072 81
34424
34725 82
35152
35455 83
35502
38258 92
38588
39191 94
39615
41738 101
41763
42060 102
42316
42615 94
43281 103
43315
46682 114
47013
47624 116
48048
50187 123
50214
50515 124
50771 116
51437
51740 125
51776
56362 140
57316
60710 151
60787
61392 153
67000
67300 154
67389
71468 167
71511
