1007 3
1337
2572 7
3626
9434 26
10443
13784 37
13798
14099 38
14124
14425 39
16471
16774 40
16789
20140 51
20158
20455 52
20480
20777 53
23871
24170 54
24189
27545 65
27584
27881 66
29189
29488 67
29536
32924 78
32984
33583 80
33621
33922 81
34274
34575 82
35002
35305 83
35352
38108 92
38438
39041 94
39349
41472 101
41497
41794 102
42050
42349 103
42383
42683 94
43349
46416 114
46747
47358 116
47760
49899 123
49926
50227 116
50799 124
51055
51358 125
51394
55980 140
56934
60328 151
60411
61016 153
73025
77033 166
77308
79471 173
79514
