746 3
1427
2662 7
3816
9624 26
10631
13972 37
13986
14287 38
14312
14613 39
16026
16329 40
16344
19695 51
19713
20010 52
20035
20332 53
22710
23009 54
23028
26384 65
26423
26720 66
27872
28171 67
28219
31607 78
31667
32266 80
32304
32605 81
32957
33258 82
33685
33988 83
34035
36791 92
37121
37724 94
38132
40255 101
40280
40577 102
40833 94
41499
41798 103
41832
45199 114
45530
46141 116
46549
48688 123
48715
49016 116
49682 124
49938
50241 125
50277
54863 140
55807
59201 151
59278
59883 153
62025
62325 154
62414
66493 167
66536
