746 3
1427
2662 7
3811
9619 26
10626
13967 37
13981
14282 38
14307
14608 39
15938
16241 40
16256
19607 51
19625
19922 52
19947
20244 53
22621
22920 54
22939
26295 65
26334
26631 66
27854
28153 67
28201
31589 78
31649
32248 80
32286
32587 81
32939
33240 82
33667
33970 83
34017
36773 92
37103
37706 94
38109
40232 101
40257
40554 94
41220 102
41476
41775 103
41809
45176 114
45507
46118 116
46521
47751 116
48417
49326 123
49353
49654 124
49910
50213 125
50249
54835 140
55779
59173 151
59250
59855 153
61513
61813 154
61902
65981 167
66024
