746 3
1427
2662 7
3816
9624 26
10633
13974 37
13988
14289 38
14314
14615 39
15945
16248 40
16263
19614 51
19632
19929 52
19954
20251 53
22629
22928 54
22947
26303 65
26342
26639 66
27786
28085 67
28133
31521 78
31581
32180 80
32218
32519 81
32871
33172 82
33599
33902 83
33949
36705 92
37035
37638 94
38046
40169 101
40194
40491 102
40747
41046 94
41712 103
41746
45113 114
45444
46055 116
46463
48602 123
48629
48930 116
49596 124
49852
50155 125
50191
54777 140
55721
59115 151
59192
59796 153
59885
63964 166
64007
