777 3
1458
2693 7
3863
9671 26
10680
14021 37
14035
14336 38
14361
14662 39
16707
17010 40
17025
20376 51
20394
20691 52
20716
21013 53
24106
24405 54
24424
27780 65
27819
28116 66
29263
29562 67
29610
32998 78
33058
33657 80
33695
33996 81
34348
34649 82
35076
35379 83
35426
38182 92
38512
39115 94
39539
41662 101
41687
41984 94
42650 102
42906
43205 103
43239
46606 114
46937
47548 116
47972
50111 123
50138
50439 124
50695 116
51361
51664 125
51700
56286 140
57240
60634 151
60717
61322 153
66930
67230 154
67319
71398 167
71441
