777 3
1458
2693 7
3863
9671 26
10680
14021 37
14035
14336 38
14361
14662 39
16708
17011 40
17026
20377 51
20395
20692 52
20717
21014 53
24108
24407 54
24426
27782 65
27821
28118 66
29346
29645 67
29693
33081 78
33141
33740 80
33778
34079 81
34431
34732 82
35159
35462 83
35509
38265 92
38595
39198 94
39622
41745 101
41770 94
42436
42733 102
42989
43288 103
43322
46689 114
47020
47631 116
48055
50194 123
50221
50522 116
51188 124
51444
51747 125
51783
56369 140
57323
60717 151
60800
61405 153
73111
77119 166
77390
79553 173
79596
