1007 3
1337
2572 7
3626
9434 26
10443
13784 37
13798
14099 38
14124
14425 39
15839
16142 40
16157
19508 51
19526
19823 52
19848
20145 53
22523
22822 54
22841
26197 65
26236
26533 66
27685
27984 67
28032
31420 78
31480
32079 80
32117
32418 81
32770
33071 82
33498
33801 83
33848
36604 92
36934
37537 94
37845
39968 101
39993
40290 94
40956 102
41212
41511 103
41545
44912 114
45243
45854 116
46162
48301 123
48328
48629 116
49295 124
49551
49854 125
49890
54476 140
55420
58814 151
58891
59496 153
62121
62421 154
62510
66589 167
66632
