746 3
1427
2662 7
3716
9524 26
10533
13874 37
13888
14189 38
14214
14515 39
15845
16148 40
16163
19514 51
19532
19829 52
19854
20151 53
22529
22828 54
22847
26203 65
26242
26539 66
27686
27985 67
28033
31421 78
31481
32080 80
32118
32419 81
32771
33072 82
33499
33802 83
33849
36605 92
36935
37538 94
37846
39969 101
39994
40291 102
40547
40846 103
40880
41180 94
41846
44913 114
45244
45855 116
46163
48302 123
48329
48630 116
49296 124
49552
49855 125
49891
54477 140
55421
58815 151
58892
59496 153
59585
63664 166
63707
