746 3
1076
2311 7
3465
9273 26
10282
13623 37
13637
13938 38
13963
14264 39
16489
16792 40
16807
20158 51
20176
20473 52
20498
20795 53
24068
24367 54
24386
27742 65
27781
28078 66
29306
29605 67
29653
33041 78
33101
33700 80
33738
34039 81
34391
34692 82
35119
35422 83
35469
38225 92
38555
39158 94
40312
42435 101
42460
42757 102
43013
43312 103
43346
46713 114
47044
47655 116
48063
50202 123
50229
50530 116
51196 124
51452
51755 125
51791
56377 140
57331
60725 151
60808
61413 153
73247
73547 154
73636
77715 167
77758
