746 3
1427
2662 7
3811
9619 26
10626
13967 37
13981
14282 38
14307
14608 39
15938
16241 40
16256
19607 51
19625
19922 52
19947
20244 53
22621
22920 54
22939
26295 65
26334
26631 66
27783
28082 67
28130
31518 78
31578
32177 80
32215
32516 81
32868
33169 82
33596
33899 83
33946
36702 92
37032
37635 94
38038
40161 101
40186
40483 102
40739 94
41405
41704 103
41738
45105 114
45436
46047 116
46450
48589 123
48616
48917 124
49173 116
49839
50142 125
50178
54764 140
55708
59102 151
59179
59784 153
61926
62226 154
62315
66394 167
66437
