777 3
1107
2342 7
3512
9320 26
10327
13668 37
13682
13983 38
14008
14309 39
15723
16026 40
16041
19392 51
19410
19707 52
19732
20029 53
22407
22706 54
22725
26081 65
26120
26417 66
27640
27939 67
27987
31375 78
31435
32034 80
32072
32373 81
32725
33026 82
33453
33756 83
33803
36559 92
36889
37492 94
37916
39740 94
40406
40705 101
40730
41027 102
41283
41582 103
41616
44983 114
45314
45925 116
46349
48189 116
48855
49154 123
49181
49482 124
49738
50041 125
50077
54663 140
55607
59001 151
59078
59683 153
61825
62125 154
62214
66293 167
66399
