746 3
1427
2662 7
3716
9524 26
10531
13872 37
13886
14187 38
14212
14513 39
15843
16146 40
16161
19512 51
19530
19827 52
19852
20149 53
22526
22825 54
22844
26200 65
26239
26536 66
27688
27987 67
28035
31423 78
31483
32082 80
32120
32421 81
32773
33074 82
33501
33804 83
33851
36607 92
36937
37540 94
38594
40717 101
40742
41039 102
41295
41594 103
41628
44995 114
45326
45937 116
46245
48384 123
48411
48712 116
49378 124
49634
49937 125
49973
54559 140
55503
58897 151
58974
59579 153
61143
61443 154
61532
65611 167
65654
