746 3
1427
2662 7
3811
9619 26
10628
13969 37
13983
14284 38
14309
14610 39
16656
16959 40
16974
20325 51
20343
20640 52
20665
20962 53
24055
24354 54
24373
27729 65
27768
28065 66
29217
29516 67
29564
32952 78
33012
33611 80
33649
33950 81
34302
34603 82
35030
35333 83
35380
38136 92
38466
39069 94
39472
41595 101
41620
41917 102
42173
42472 94
43138 103
43172
46539 114
46870
47481 116
47884
50023 123
50050
50351 116
51017 124
51273
51576 125
51612
56198 140
57152
60546 151
60623
61228 153
66836
67136 154
67225
71304 167
71347
