746 3
1427
2662 7
3816
9624 26
10631
13972 37
13986
14287 38
14312
14613 39
15943
16246 40
16261
19612 51
19630
19927 52
19952
20249 53
22626
22925 54
22944
26300 65
26339
26636 66
27699
27998 67
28046
31434 78
31494
32093 80
32131
32432 81
32784
33085 82
33512
33815 83
33862
36618 92
36948
37551 94
37959
40082 101
40107
40404 94
41070 102
41326
41625 103
41659
45026 114
45357
45968 116
46376
48515 123
48542
48843 116
49509 124
49765
50068 125
50104
54690 140
55634
59028 151
59105
59710 153
61234
61534 154
61623
65702 167
65745
