777 3
1458
2693 7
3863
9671 26
10680
14021 37
14035
14336 38
14361
14662 39
16707
17010 40
17025
20376 51
20394
20691 52
20716
21013 53
24106
24405 54
24424
27780 65
27819
28116 66
29273
29572 67
29620
33008 78
33068
33667 80
33705
34006 81
34358
34659 82
35086
35389 83
35436
38192 92
38522
39125 94
39549
41672 101
41697
41994 102
42250
42549 103
42583 94
43249
46616 114
46947
47558 116
47982
50121 123
50148
50449 124
50705
51008 125
51044
51344 116
52010
56296 140
57250
60644 151
60727
61332 153
66940
67240 154
67329
71408 167
71451
