746 3
1427
2662 7
3716
9524 26
10531
13872 37
13886
14187 38
14212
14513 39
15843
16146 40
16161
19512 51
19530
19827 52
19852
20149 53
22526
22825 54
22844
26200 65
26239
26536 66
27675
27974 67
28022
31410 78
31470
32069 80
32107
32408 81
32760
33061 82
33488
33791 83
33838
36594 92
36924
37527 94
37835
39958 101
39983
40280 102
40536 94
41202
41501 103
41535
44902 114
45233
45844 116
46152
48291 123
48318
48619 124
48875 116
49541
49844 125
49880
54466 140
55410
58804 151
58881
59486 153
61006
61306 154
61395
65474 167
65517
