1007 3
1337
2572 7
3626
9434 26
10441
13782 37
13796
14097 38
14122
14423 39
15836
16139 40
16154
19505 51
19523
19820 52
19845
20142 53
22519
22818 54
22837
26193 65
26232
26529 66
27757
28056 67
28104
31492 78
31552
32151 80
32189
32490 81
32842
33143 82
33570
33873 83
33920
36676 92
37006
37609 94
37917
39135 94
39801
40706 101
40731
41028 102
41284
41583 103
41617
44984 114
45315
45926 116
46234
48373 123
48400
48701 116
49367 124
49623
49926 125
49962
54548 140
55492
58886 151
58963
59568 153
61088
61388 154
61477
65556 167
65599
