1007 3
1337
2572 7
3626
9434 26
10443
13784 37
13798
14099 38
14124
14425 39
15839
16142 40
16157
19508 51
19526
19823 52
19848
20145 53
22523
22822 54
22841
26197 65
26236
26533 66
27756
28055 67
28103
31491 78
31551
32150 80
32188
32489 81
32841
33142 82
33569
33872 83
33919
36675 92
37005
37608 94
38010
40133 101
40158
40455 94
41027 102
41283
41582 103
41616
44983 114
45314
45925 116
46715
48854 123
48881
49182 116
49366 124
49622
49925 125
49961
54547 140
55491
58885 151
58962
59567 153
62037
62337 154
62426
66505 167
66548
