746 3
1427
2662 7
3716
9524 26
10531
13872 37
13886
14187 38
14212
14513 39
15843
16146 40
16161
19512 51
19530
19827 52
19852
20149 53
22526
22825 54
22844
26200 65
26239
26536 66
27688
27987 67
28035
31423 78
31483
32082 80
32120
32421 81
32773
33074 82
33501
33804 83
33851
36607 92
36937
37540 94
37848
39971 101
39996
40293 94
40959 102
41215
41514 103
41548
44915 114
45246
45857 116
46165
48304 123
48331
48632 116
49298 124
49554
49857 125
49893
54479 140
55423
58817 151
58894
59499 153
61023
61323 154
61412
65491 167
65534
