1007 3
1337
2572 7
3626
9434 26
10441
13782 37
13796
14097 38
14122
14423 39
15836
16139 40
16154
19505 51
19523
19820 52
19845
20142 53
22520
22819 54
22838
26194 65
26233
26530 66
27838
28137 67
28185
31573 78
31633
32232 80
32270
32571 81
32923
33224 82
33651
33954 83
34001
36757 92
37087
37690 94
37998
40121 101
40146
40443 102
40699 94
41365
41664 103
41698
45065 114
45396
46007 116
46315
48454 123
48481
48782 116
49448 124
49704
50007 125
50043
54629 140
55573
58967 151
59044
59649 153
61791
62091 154
62180
66259 167
66302
