746 3
1427
2662 7
3816
9624 26
10631
13972 37
13986
14287 38
14312
14613 39
15943
16246 40
16261
19612 51
19630
19927 52
19952
20249 53
22626
22925 54
22944
26300 65
26339
26636 66
27788
28087 67
28135
31523 78
31583
32182 80
32220
32521 81
32873
33174 82
33601
33904 83
33951
36707 92
37037
37640 94
38048
40171 101
40196
40493 102
40749
41048 94
41714 103
41748
45115 114
45446
46057 116
46465
48604 123
48631
48932 116
49598 124
49854
50157 125
50193
54779 140
55723
59117 151
59194
59799 153
61363
61663 154
61752
65831 167
65874
