777 3
1458
2693 7
3863
9671 26
10680
14021 37
14035
14336 38
14361
14662 39
16707
17010 40
17025
20376 51
20394
20691 52
20716
21013 53
24106
24405 54
24424
27780 65
27819
28116 66
29268
29567 67
29615
33003 78
33063
33662 80
33700
34001 81
34353
34654 82
35081
35384 83
35431
38187 92
38517
39120 94
39544
41667 101
41692
41989 94
42655 102
42911
43210 103
43244
46611 114
46942
47553 116
47977
50116 123
50143
50444 124
50700 116
51366
51669 125
51705
56291 140
57245
60639 151
60722
61327 153
66935
67235 154
67324
71403 167
71446
