1007 3
1337
2572 7
3626
9434 26
10441
13782 37
13796
14097 38
14122
14423 39
15837
16140 40
16155
19506 51
19524
19821 52
19846
20143 53
22521
22820 54
22839
26195 65
26234
26531 66
27839
28138 67
28186
31574 78
31634
32233 80
32271
32572 81
32924
33225 82
33652
33955 83
34002
36758 92
37088
37691 94
37999
40122 101
40147
40444 102
40700
40999 103
41033 94
41699
45066 114
45397
46008 116
46982
49121 123
49148
49449 124
49953
50256 125
50292
54878 140
55822
59216 151
59293
59898 153
62040
62340 154
62429
66508 167
66551
