746 3
1427
2662 7
3716
9524 26
10533
13874 37
13888
14189 38
14214
14515 39
16561
16864 40
16879
20230 51
20248
20545 52
20570
20867 53
23961
24260 54
24279
27635 65
27674
27971 66
29118
29417 67
29465
32853 78
32913
33512 80
33550
33851 81
34203
34504 82
34931
35234 83
35281
38037 92
38367
38970 94
39278
41401 101
41426
41723 94
42389 102
42645
42944 103
42978
46345 114
46676
47287 116
47595
49734 123
49761
50062 124
50318
50621 125
50657
50957 116
51623
55909 140
56863
60257 151
60340
60945 153
72656
76664 166
76939
79102 173
79145
