1007 3
1337
2572 7
3626
9434 26
10441
13782 37
13796
14097 38
14122
14423 39
15836
16139 40
16154
19505 51
19523
19820 52
19845
20142 53
22520
22819 54
22838
26194 65
26233
26530 66
27669
27968 67
28016
31404 78
31464
32063 80
32101
32402 81
32754
33055 82
33482
33785 83
33832
36588 92
36918
37521 94
37829
39952 101
39977
40274 94
40940 102
41196
41495 103
41529
44896 114
45227
45838 116
46628
48767 123
48794
49095 116
49279 124
49783
50086 125
50122
54708 140
55652
59046 151
59123
59728 153
61870
62170 154
62259
66338 167
66381
