746 3
1427
2662 7
3811
9619 26
10628
13969 37
13983
14284 38
14309
14610 39
16835
17138 40
17153
20504 51
20522
20819 52
20844
21141 53
24413
24712 54
24731
28087 65
28126
28423 66
29580
29879 67
29927
33315 78
33375
33974 80
34012
34313 81
34665
34966 82
35393
35696 83
35743
38499 92
38829
39432 94
39835
41958 101
41983
42280 102
42536 94
43202
43501 103
43535
46902 114
47233
47844 116
48247
50386 123
50413
50714 124
50970
51273 125
51309 116
51975
56561 140
57515
60909 151
60992
61597 153
67116
67416 154
67505
71584 167
71627
