777 3
1458
2693 7
3863
9671 26
10680
14021 37
14035
14336 38
14361
14662 39
16075
16378 40
16393
19744 51
19762
20059 52
20084
20381 53
22759
23058 54
23077
26433 65
26472
26769 66
27921
28220 67
28268
31656 78
31716
32315 80
32353
32654 81
33006
33307 82
33734
34037 83
34084
36840 92
37170
37773 94
38197
40320 101
40345
40642 102
40898
41197 94
41863 103
41897
45264 114
45595
46206 116
46630
48769 123
48796
49097 116
49763 124
50019
50322 125
50358
54944 140
55888
59282 151
59359
59964 153
62616
62916 154
63005
67084 167
67127
