777 3
1458
2693 7
3863
9671 26
10680
14021 37
14035
14336 38
14361
14662 39
15992
16295 40
16310
19661 51
19679
19976 52
20001
20298 53
22676
22975 54
22994
26350 65
26389
26686 66
27749
28048 67
28096
31484 78
31544
32143 80
32181
32482 81
32834
33135 82
33562
33865 83
33912
36668 92
36998
37601 94
38025
40148 101
40173
40470 94
41136 102
41392
41691 103
41725
45092 114
45423
46034 116
46458
48597 123
48624
48925 116
49591 124
49847
50150 125
50186
54772 140
55716
59110 151
59187
59791 153
59880
63959 166
64002
