777 3
1458
2693 7
3863
9671 26
10678
14019 37
14033
14334 38
14359
14660 39
16073
16376 40
16391
19742 51
19760
20057 52
20082
20379 53
22757
23056 54
23075
26431 65
26470
26767 66
27914
28213 67
28261
31649 78
31709
32308 80
32346
32647 81
32999
33300 82
33727
34030 83
34077
36833 92
37163
37766 94
38936
41059 101
41084
41381 102
41637
41936 103
41970
45337 114
45668
46279 116
46703
47933 116
48599
49508 123
49535
49836 124
50092
50395 125
50431
55017 140
55961
59355 151
59432
60037 153
62179
62479 154
62568
66647 167
66690
