746 3
1427
2662 7
3811
9619 26
10628
13969 37
13983
14284 38
14309
14610 39
16656
16959 40
16974
20325 51
20343
20640 52
20665
20962 53
24056
24355 54
24374
27730 65
27769
28066 66
29218
29517 67
29565
32953 78
33013
33612 80
33650
33951 81
34303
34604 82
35031
35334 83
35381
38137 92
38467
39070 94
39473
41596 101
41621
41918 102
42174 94
42840
43139 103
43173
46540 114
46871
47482 116
47885
50024 123
50051
50352 116
51018 124
51274
51577 125
51613
56199 140
57153
60547 151
60630
61235 153
72944
76952 166
77223
79386 173
79429
