746 3
1427
2662 7
3811
9619 26
10626
13967 37
13981
14282 38
14307
14608 39
16021
16324 40
16339
19690 51
19708
20005 52
20030
20327 53
22705
23004 54
23023
26379 65
26418
26715 66
27867
28166 67
28214
31602 78
31662
32261 80
32299
32600 81
32952
33253 82
33680
33983 83
34030
36786 92
37116
37719 94
38122
40245 101
40270
40567 102
40823 94
41489
41788 103
41822
45189 114
45520
46131 116
46534
48673 123
48700
49001 116
49667 124
49923
50226 125
50262
54848 140
55792
59186 151
59263
59868 153
62010
62310 154
62399
66478 167
66521
