777 3
1458
2693 7
3863
9671 26
10680
14021 37
14035
14336 38
14361
14662 39
16887
17190 40
17205
20556 51
20574
20871 52
20896
21193 53
24465
24764 54
24783
28139 65
28178
28475 66
29627
29926 67
29974
33362 78
33422
34021 80
34059
34360 81
34712
35013 82
35440
35743 83
35790
38546 92
38876
39479 94
39903
42026 101
42051
42348 102
42604
42903 103
42937
43237 94
43903
46970 114
47301
47912 116
48336
50475 123
50502
50803 124
51059
51362 125
51398
51698 116
52364
56650 140
57604
60998 151
61081
61686 153
67205
67505 154
67594
71673 167
71716
