746 3
1076
2311 7
3465
9273 26
10280
13621 37
13635
13936 38
13961
14262 39
15592
15895 40
15910
19261 51
19279
19576 52
19601
19898 53
22275
22574 54
22593
25949 65
25988
26285 66
27513
27812 67
27860
31248 78
31308
31907 80
31945
32246 81
32598
32899 82
33326
33629 83
33676
36432 92
36762
37365 94
38519
40642 101
40667
40964 102
41220
41519 103
41553
44920 114
45251
45862 116
46270
48409 123
48436
48737 116
49403 124
49659
49962 125
49998
54584 140
55528
58922 151
58999
59604 153
61124
61424 154
61513
65592 167
65635
