746 3
1427
2662 7
3716
9524 26
10533
13874 37
13888
14189 38
14214
14515 39
15845
16148 40
16163
19514 51
19532
19829 52
19854
20151 53
22529
22828 54
22847
26203 65
26242
26539 66
27762
28061 67
28109
31497 78
31557
32156 80
32194
32495 81
32847
33148 82
33575
33878 83
33925
36681 92
37011
37614 94
37922
40045 101
40070
40367 102
40623
40922 94
41588 103
41622
44989 114
45320
45931 116
46239
48378 123
48405
48706 116
49372 124
49628
49931 125
49967
54553 140
55497
58891 151
58968
59573 153
64683
64983 154
65072
69151 167
69194
