1007 3
1337
2572 7
3626
9434 26
10441
13782 37
13796
14097 38
14122
14423 39
15837
16140 40
16155
19506 51
19524
19821 52
19846
20143 53
22521
22820 54
22839
26195 65
26234
26531 66
27670
27969 67
28017
31405 78
31465
32064 80
32102
32403 81
32755
33056 82
33483
33786 83
33833
36589 92
36919
37522 94
37924
40047 101
40072
40369 94
40941 102
41197
41496 103
41530
44897 114
45228
45839 116
46629
48768 123
48795
49096 116
49280 124
49536
49839 125
49875
54461 140
55405
58799 151
58876
59481 153
61623
61923 154
62012
66091 167
66134
