746 3
1427
2662 7
3811
9619 26
10626
13967 37
13981
14282 38
14307
14608 39
15938
16241 40
16256
19607 51
19625
19922 52
19947
20244 53
22621
22920 54
22939
26295 65
26334
26631 66
27694
27993 67
28041
31429 78
31489
32088 80
32126
32427 81
32779
33080 82
33507
33810 83
33857
36613 92
36943
37546 94
37949
40072 101
40097
40394 102
40650 94
41316
41615 103
41649
45016 114
45347
45958 116
46361
48500 123
48527
48828 116
49494 124
49750
50053 125
50089
54675 140
55619
59013 151
59090
59695 153
61215
61515 154
61604
65683 167
65726
